50 1
01110111111111111111111111111111111111111111111111
11111111111111111111111111111111011111111111011111
11101010111111110101111111111011111110110111111011
11011011110111011111011110010110011111111011111111
11110111010111110101111111110001101111111101101111
11111111111011111010010111011111111111101101101011
11111111111111111111111101101111101111110110111011
10101111011111011111111110011111111101111110111110
11011001111110111110111111101111110111111101111111
11101111111111110111001111111101110011111111111111
11111111111111011111110101110111011111101111011111
11111100000110111111111111011111111111101111111111
01011111111111111111011111111110111111111011111101
11111111111010111111111111101010110011011111111111
11111101111110111111111111110111110111111111110111
11011111111111111110110101111010110100011111010111
11111011111011101111111111011111101111111010111111
10100110111011101011110111011100111111110111101011
11111011000010111111011011100111110100111111011111
11101110011011111110011111011111111100111111011111
11111111011011111101011111111111110111101111001101
11111111100111111101111011110111110110101111111111
01011111010111011111111111111111110111111101111111
11111111010111010101101111011001111110100011111111
11111111001111111111101111101111101111000111011111
11111011100111111111110111110111111111011111110111
11111011101111011111100111011111111110100111111110
11010111110001110111111111111111111110101101011111
11111011111111111110011111111111001111111011100111
11111111110101111011101011100101101011111101111110
11111100011111111110111010111101111111111111011111
10111011111111111111100111111100111111111001111111
11111110101110111010111110111111111011001111111111
11101111111111111101111111111111111111101011110101
11110111100111111111110111111111111111111011111111
11111011111111111101110101101111111111111111111011
11110111011110011111101101011111111111111111101101
01101111010111111101110011111101101110011111111111
11011111101111111111011101111111111111110101101111
11111111111101111101111111111110101111111001001111
10111111110111111101111111111111111110101111111111
11110110110110101110010111010101111111111111111011
11101111101111101110101001110011110111111011111111
11101111101010111101001111011111111111111111111111
11111111110110101111111001111111110111111111010011
11101111111101111111011111111111111111101111111111
11110011110110111101101100010010111111110111111110
11000101101011111111111111111111110111111111101111
11011111111111111111111111110111110111111111111111
11111110110111111111111111111111111111111111111110