50 1
00000000100100000000000000010000010000000010000010
10000000000001000000000100000000000101000000000000
00000000100000000000001110110000000000000000000000
00000000000000000000010010011100000000000000000000
00000000010100000001000000000010000000000000000000
00000000000000000010000000000001000000000000000000
00000000000100000100000000000000100000000001000000
00000000000000000000000000001000010000000000000000
00000000000000001000000000000000011000000000000000
00000000100001010000010000000000001010100000000000
00000100000000010000100000000000001000000000001000
01000000000000011111111100011111111000000000001000
00000000000000100000000110100000001000000000000000
01000000000000100010001000111000001100000100010000
10000000000000100000001000010000000100000000000000
00000000000011100000010001010000001111000000000000
00000000000100010000010000001000001000100000000000
00000000001010010000000000011000001000100000000000
00001000011000010000100000000110001000000000000000
00100000001000001001000000010100010000010000000010
00000000010000000101000000000100100010010000000000
00001000010000000011010000000101000000010000000000
10000000000000000001000100000010000000010100000000
00000000011010000101010000000100000001011000000000
00001000010000000001001111111000010001010000000100
00000000001010000001000001000000000000010000000000
00000000001000000000100000100001001000100000000000
00000000000100000010100000001000000000101000010000
00000000000100000000010000011000000000100000000000
00000000000110000000001000000000000001000000010010
00000000000001000000011000100010000010000000001000
01000000000000100000000111100000001100000000000000
00000010000000011111111000011111110000000000000000
00000000000000000000000100000000000000000000000000
00000000000000000110000000000000000000000000000000
10000110000000100000000010000011111000000111111000
00011000010000100000000100010100001000001000000000
00100000000000110000001100000100000000010000000000
00100000000000101000010010001000000000010000000000
00100000000010101000010010001000000000010000000000
01000000010100110100011010000100000000010000000000
01000001000000100100100010000011110001011111111000
01000000000000100010100010000000001000010100000000
01000000000000100001000010000000100010010000000000
00100000100000100000000010100000000100011000000000
00100000110001100000001010000001000100010000000000
00011000001000000000000010001000000110010000000000
00000111110000100000000010000111111010001101111000
01000000100000000000000000000000000000000000001000
00000000000000000000000000000000000000000000000000
