50 100
00000000000000000000000000000000000000000000000000
00000000000000000000000000000000000000000000000000
00000000000000000000001111110000000000000000000000
00000000000000000000110000001100000000000000000000
00000000000000000001000000000010000000000000000000
00000000000000000010000000000001000000000000000000
00000000000000000100000000000000100000000000000000
00000000000000001000000000000000010000000000000000
00000000000000001000000000000000010000000000000000
00000000000000010000000000000000001000000000000000
00000000000000010000000000000000001000000000000000
00000000000000011111111000011111111000000000000000
00000000000000100000000111100000001000000000000000
00000000000000100000001000100000001000000000000000
00000000000000100000001000010000000100000000000000
00000000000011100000010000010000001111000000000000
00000000000100010000010000001000001000100000000000
00000000001000010000100000001000001000100000000000
00000000001000010000100000000100001000100000000000
00000000001000001001000000000100010000010000000000
00000000010000000101000000000100100000010000000000
00000000010000000011000000000101000000010000000000
00000000010000000001000000000010000000010000000000
00000000010000000001110000000100000000010000000000
00000000010000000001001111111000000000010000000000
00000000001000000001000000001000000000010000000000
00000000001000000000100000001000000000100000000000
00000000000100000000100000001000000000100000000000
00000000000100000000010000001000000000100000000000
00000000000010000000001000010000000001000000000000
00000000000001000000001000100000000010000000000000
00000000000000100000000111100000001100000000000000
00000000000000011111111000011111110000000000000000
00000000000000000000000000000000000000000000000000
00000000000000000000000000000000000000000000000000
00000111100000100000000010000011111100000111111000
00011000010000100000000100000100000000001000000000
00100000000000110000001100000100000000010000000000
00100000000000101000010010001000000000010000000000
00100000000000101000010010001000000000010000000000
01000000000000100100010010000100000000010000000000
01000000000000100100100010000011110000011111111000
01000000000000100010100010000000001000010000000000
01000000000000100001000010000000000100010000000000
00100000000000100000000010000000000100010000000000
00100000000000100000000010000000000100010000000000
00011000001000100000000010001000000100010000000000
00000111110000100000000010000111111000001111111000
00000000000000000000000000000000000000000000000000
00000000000000000000000000000000000000000000000000
