Thread ID=1, Result Fitness=259 over 1000 iterations:
50 1
00000001000000000000000001000000000000000100000000
00000000000000010000001000000100000000100000000000
00001000000000010000001111110000000000000000000000
00000000000000000000110000001100000000000000000000
00000000000010000001000000000010000000000100000010
00000000001000000010000000010001000000000100000000
00000000000000000100000000010000100000000000000100
00000000000000001000000000000000010000000000000000
00001000000001001000000000000000010000000000000100
00000000000000010000000010000100001000000000000100
00000000000000010001000000010000001000000000010000
00000000000000011111111000011111111001000000000000
00000000000000100000000111100000001000000000000000
00000000000000100010001000100000001000000000000000
00000000000000000000001000010010000100000110100000
00000000000011100000010000010000001111000001000000
00000000000100010000010000001000011000100000000000
00000000001000010000100000001000001000100000001000
00000000001010010000100000001100001001100000000000
00000000001000001001000000000100010000010000100000
00000000010000000101000000000100100000010000100000
00000000011001000011010000000101000000010000000000
00000000010000000001000100001010000000000001000010
00000000010100100001111000000100000000010000100100
00001000010000000000001111111000000000011100000000
10000100001000001001000000001010011001010000100000
00000000001000000000100010101010000000100000000000
00000000000100100000100000001000000000000000000000
01000000010100000000010010001000000000100000000000
00000000000010000000001000010000000001001000000010
00000000000001001000001000100000100010000000000010
00000000000000100010010011100000001100000000000000
00000010000000010111111000011111110000000000000100
00001000000001000000000000000100000000000001000000
00000000000000000000000000000000000000000000000000
00000111000000100000100010000011111100000111111000
00011000010000100000000100000100000000001000000000
00100000000010110000001100000101000000010001000000
10100000010000101000010110101000000000010100010000
00100000000000101000010010101000000000010000001000
11000000000100100100110010000100000000010000000000
01000010000000111100100010000011110000011111111000
01000000000000100010100010000000001000010000000000
01000000000000100001000010000000000100010000000000
00100000000000110000000010000000001100000010000000
00100000100100100000000010000000000101010100001000
00011000001000100000000010001010000100001000000000
00010111110000100000000010010111111010001111111000
00001001000000000000010000000000000000000000001000
10000000001000000000000000000000100000000000000000

real	11m57.194s
user	0m0.039s
sys	0m0.066s